FIPS,area_name,year,age_group,total,total_male,total_female,nh_white_total,nh_white_male,nh_white_female,nh_black_total,nh_black_male,nh_black_female,hispanic_total,hispanic_male,hispanic_female,nh_asian_total,nh_asian_male,nh_asian_female,nh_other_total,nh_other_male,nh_other_female
000,State of Texas,2010,ALL,25145561,12472280,12673281,11397345,5632646,5764699,2886825,1392410,1494415,9460921,4763753,4697168,948426,460855,487571,452044,222616,229428
000,State of Texas,2010,<18,6865824,3510249,3355575,2322661,1193025,1129636,810543,413374,397169,3317777,1693278,1624499,231458,117576,113882,183385,92996,90389
000,State of Texas,2010,18-24,2572969,1321619,1251350,994473,506474,487999,323437,161755,161682,1112368,580812,531556,92536,48072,44464,50155,24506,25649
000,State of Texas,2010,25-44,7071855,3544857,3526998,2934239,1478661,1455578,841640,403524,438116,2844435,1445962,1398473,339915,163030,176885,111626,53680,57946
000,State of Texas,2010,45-64,6033027,2959891,3073136,3385907,1674984,1710923,692831,326935,365896,1653420,815272,838148,219216,102787,116429,81653,39913,41740
000,State of Texas,2010,65+,2601886,1135664,1466222,1760065,779502,980563,218374,86822,131552,532921,228429,304492,65301,29390,35911,25225,11521,13704
000,State of Texas,2011,ALL,25567291,12684177,12883114,11473189,5672925,5800264,2948232,1422595,1525637,9681249,4873297,4807952,995813,484336,511477,468808,231024,237784
000,State of Texas,2011,<18,6913506,3532881,3380625,2316574,1189716,1126858,812767,414237,398530,3353179,1710072,1643107,241837,122865,118972,189149,95991,93158
000,State of Texas,2011,18-24,2627419,1350859,1276560,1000428,511368,489060,337509,169789,167720,1139722,593485,546237,96449,50086,46363,53311,26131,27180
000,State of Texas,2011,25-44,7176079,3599194,3576885,2949399,1486652,1462747,855729,410771,444958,2900575,1475736,1424839,354993,170466,184527,115383,55569,59814
000,State of Texas,2011,45-64,6166601,3025244,3141357,3409554,1685570,1723984,715296,337228,378068,1725827,852422,873405,231722,108949,122773,84202,41075,43127
000,State of Texas,2011,65+,2683686,1175999,1507687,1797234,799619,997615,226931,90570,136361,561946,241582,320364,70812,31970,38842,26763,12258,14505
000,State of Texas,2012,ALL,25996722,12899473,13097249,11548679,5712731,5835948,3011317,1453567,1557750,9905223,4984546,4920677,1045280,508836,536444,486223,239793,246430
000,State of Texas,2012,<18,6967405,3558867,3408538,2311936,1187354,1124582,817101,416066,401035,3391229,1728285,1662944,252060,128078,123982,195079,99084,95995
000,State of Texas,2012,18-24,2684285,1380783,1303502,1007790,516660,491130,350730,177438,173292,1167486,605963,561523,101683,52660,49023,56596,28062,28534
000,State of Texas,2012,25-44,7286991,3657230,3629761,2966461,1495107,1471354,872278,419227,453051,2957889,1507009,1450880,370742,178409,192333,119621,57478,62143
000,State of Texas,2012,45-64,6245222,3063826,3181396,3390239,1675828,1714411,732684,345107,387577,1792738,886145,906593,243608,114869,128739,85953,41877,44076
000,State of Texas,2012,65+,2812819,1238767,1574052,1872253,837782,1034471,238524,95729,142795,595881,257144,338737,77187,34820,42367,28974,13292,15682
000,State of Texas,2013,ALL,26433242,13118331,13314911,11624174,5752529,5871645,3075723,1485314,1590409,10132148,5097205,5034943,1096888,534427,562461,504309,248856,255453
000,State of Texas,2013,<18,7027477,3588414,3439063,2309009,1185776,1123233,823147,419000,404147,3431337,1747815,1683522,262763,133563,129200,201221,102260,98961
000,State of Texas,2013,18-24,2739590,1408947,1330643,1015475,521917,493558,362018,183986,178032,1195112,617889,577223,106898,55133,51765,60087,30022,30065
000,State of Texas,2013,25-44,7397360,3715948,3681412,2983397,1503554,1479843,890510,428516,461994,3012761,1537686,1475075,386610,186512,200098,124082,59680,64402
000,State of Texas,2013,45-64,6325246,3103296,3221950,3371956,1667362,1704594,748005,351982,396023,1861139,920129,941010,256259,121204,135055,87887,42619,45268
000,State of Texas,2013,65+,2943569,1301726,1641843,1944337,873920,1070417,252043,101830,150213,631799,273686,358113,84358,38015,46343,31032,14275,16757
000,State of Texas,2014,ALL,26876429,13340220,13536209,11699326,5791913,5907413,3141271,1517572,1623699,10361956,5211270,5150686,1150724,561173,589551,523152,258292,264860
000,State of Texas,2014,<18,7092485,3620367,3472118,2307466,1184844,1122622,831376,422798,408578,3472542,1768103,1704439,273516,138988,134528,207585,105634,101951
000,State of Texas,2014,18-24,2789861,1434755,1355106,1021260,526118,495142,369444,188538,180906,1223398,630645,592753,112200,57749,54451,63559,31705,31854
000,State of Texas,2014,25-44,7507912,3774740,3733172,2996971,1510912,1486059,912544,440001,472543,3067032,1567079,1499953,402465,194648,207817,128900,62100,66800
000,State of Texas,2014,45-64,6418979,3150064,3268915,3366717,1665309,1701408,761442,358160,403282,1930539,954806,975733,270330,128180,142150,89951,43609,46342
000,State of Texas,2014,65+,3067192,1360294,1706898,2006912,904730,1102182,266465,108075,158390,668445,290637,377808,92213,41608,50605,33157,15244,17913
000,State of Texas,2015,ALL,27326193,13565260,13760933,11773981,5830835,5943146,3207833,1550340,1657493,10594952,5326926,5268026,1206752,589028,617724,542675,268131,274544
000,State of Texas,2015,<18,7160943,3654621,3506322,2306842,1184344,1122498,840226,427243,412983,3515241,1789264,1725977,284532,144758,139774,214102,109012,105090
000,State of Texas,2015,18-24,2826282,1453543,1372739,1022471,527788,494683,373397,191081,182316,1245395,640549,604846,118296,60770,57526,66723,33355,33368
000,State of Texas,2015,25-44,7611478,3830548,3780930,3005135,1515791,1489344,935451,452221,483230,3119163,1595254,1523909,417756,202577,215179,133973,64705,69268
000,State of Texas,2015,45-64,6530756,3205465,3325291,3369022,1667102,1701920,776920,365133,411787,2007153,993033,1014120,285054,135353,149701,92607,44844,47763
000,State of Texas,2015,65+,3196734,1421083,1775651,2070511,935810,1134701,281839,114662,167177,708000,308826,399174,101114,45570,55544,35270,16215,19055
000,State of Texas,2016,ALL,27782691,13793511,13989180,11848133,5869436,5978697,3275849,1583850,1691999,10830665,5443891,5386774,1265200,618093,647107,562844,278241,284603
000,State of Texas,2016,<18,7232259,3689522,3542737,2308443,1184501,1123942,849605,431770,417835,3557304,1810036,1747268,296055,150700,145355,220852,112515,108337
000,State of Texas,2016,18-24,2854486,1468646,1385840,1019701,527378,492323,375034,192516,182518,1265105,649767,615338,125069,64106,60963,69577,34879,34698
000,State of Texas,2016,25-44,7721843,3890864,3830979,3013502,1521399,1492103,959344,465214,494130,3176460,1626214,1550246,432895,210414,222481,139642,67623,72019
000,State of Texas,2016,45-64,6649141,3263827,3385314,3375952,1671462,1704490,793593,372682,420911,2083051,1030134,1052917,301135,143420,157715,95410,46129,49281
000,State of Texas,2016,65+,3324962,1480652,1844310,2130535,964696,1165839,298273,121668,176605,748745,327740,421005,110046,49453,60593,37363,17095,20268
000,State of Texas,2017,ALL,28245982,14025161,14220821,11921715,5907612,6014103,3344849,1617874,1726975,11069430,5562384,5507046,1326199,648486,677713,583789,288805,294984
000,State of Texas,2017,<18,7304256,3725008,3579248,2309929,1184845,1125084,859617,436594,423023,3598291,1830292,1767999,308630,157214,151416,227789,116063,111726
000,State of Texas,2017,18-24,2879057,1480549,1398508,1016526,525935,490591,375549,192822,182727,1283269,658240,625029,131025,66930,64095,72688,36622,36066
000,State of Texas,2017,25-44,7853473,3963528,3889945,3034898,1534163,1500735,986590,480430,506160,3236817,1658976,1577841,449404,219234,230170,145764,70725,75039
000,State of Texas,2017,45-64,6750170,3313213,3436957,3363646,1666332,1697314,808276,379450,428826,2161942,1068363,1093579,318391,151849,166542,97915,47219,50696
000,State of Texas,2017,65+,3459026,1542863,1916163,2196716,996337,1200379,314817,128578,186239,789111,346513,442598,118749,53259,65490,39633,18176,21457
000,State of Texas,2018,ALL,28716123,14260029,14456094,11994710,5945389,6049321,3414806,1652363,1762443,11311352,5682415,5628937,1389858,680246,709612,605397,299616,305781
000,State of Texas,2018,<18,7370193,3757217,3612976,2310774,1184596,1126178,868611,441016,427595,3635081,1848414,1786667,320693,163449,157244,235034,119742,115292
000,State of Texas,2018,18-24,2911786,1496913,1414873,1014785,525525,489260,375966,192878,183088,1307384,669906,637478,138078,70451,67627,75573,38153,37420
000,State of Texas,2018,25-44,8000619,4043637,3956982,3067153,1552259,1514894,1016751,497381,519370,3297391,1691393,1605998,466664,228253,238411,152660,74351,78309
000,State of Texas,2018,45-64,6830102,3352331,3477771,3335292,1653294,1681998,821009,384916,436093,2238015,1105548,1132467,335609,160295,175314,100177,48278,51899
000,State of Texas,2018,65+,3603423,1609931,1993492,2266706,1029715,1236991,332469,136172,196297,833481,367154,466327,128814,57798,71016,41953,19092,22861
000,State of Texas,2019,ALL,29193268,14498295,14694973,12066910,5982711,6084199,3485870,1687455,1798415,11556382,5803888,5752494,1456220,713276,742944,627886,310965,316921
000,State of Texas,2019,<18,7437514,3790601,3646913,2312639,1184986,1127653,878932,445985,432947,3671463,1866865,1804598,331963,169188,162775,242517,123577,118940
000,State of Texas,2019,18-24,2947920,1514785,1433135,1012694,525088,487606,376808,193225,183583,1334513,682566,651947,145611,74296,71315,78294,39610,38684
000,State of Texas,2019,25-44,8158036,4129192,4028844,3104204,1572993,1531211,1047763,514706,533057,3359284,1724528,1634756,486438,238539,247899,160347,78426,81921
000,State of Texas,2019,45-64,6898859,3386069,3512790,3300270,1637114,1663156,831700,389669,442031,2311173,1141205,1169968,353462,168965,184497,102254,49116,53138
000,State of Texas,2019,65+,3750939,1677648,2073291,2337103,1062530,1274573,350667,143870,206797,879949,388724,491225,138746,62288,76458,44474,20236,24238
000,State of Texas,2020,ALL,29677668,14740035,14937633,12138523,6019552,6118971,3557892,1722980,1834912,11804659,5926996,5877663,1525540,747870,777670,651054,322637,328417
000,State of Texas,2020,<18,7515129,3828889,3686240,2317592,1187001,1130591,890159,451476,438683,3712081,1887045,1825036,344815,175746,169069,250482,127621,122861
000,State of Texas,2020,18-24,2980352,1531416,1448936,1008736,523484,485252,378300,194026,184274,1360066,695182,664884,152518,77829,74689,80732,40895,39837
000,State of Texas,2020,25-44,8305013,4207897,4097116,3135768,1590772,1544996,1078245,531485,546760,3415520,1753695,1661825,507445,249493,257952,168035,82452,85583
000,State of Texas,2020,45-64,6965146,3419488,3545658,3264072,1620193,1643879,839678,393158,446520,2385806,1178455,1207351,371048,177447,193601,104542,50235,54307
000,State of Texas,2020,65+,3912028,1752345,2159683,2412355,1098102,1314253,371510,152835,218675,931186,412619,518567,149714,67355,82359,47263,21434,25829
000,State of Texas,2021,ALL,30168926,14985240,15183686,12209069,6055757,6153312,3630915,1759077,1871838,12056086,6051594,6004492,1597919,784019,813900,674937,334793,340144
000,State of Texas,2021,<18,7594941,3869467,3725474,2322156,1188927,1133229,902468,457716,444752,3754305,1908689,1845616,357523,182310,175213,258489,131825,126664
000,State of Texas,2021,18-24,3016768,1548986,1467782,1006137,522426,483711,381170,195099,186071,1385978,707615,678363,160017,81495,78522,83466,42351,41115
000,State of Texas,2021,25-44,8458410,4290070,4168340,3170212,1609871,1560341,1107336,548143,559193,3474376,1784007,1690369,530219,261456,268763,176267,86593,89674
000,State of Texas,2021,45-64,7025211,3449485,3575726,3225802,1602669,1623133,846852,395859,450993,2456912,1213617,1243295,388923,186103,202820,106722,51237,55485
000,State of Texas,2021,65+,4073596,1827232,2246364,2484762,1131864,1352898,393089,162260,230829,984515,437666,546849,161237,72655,88582,49993,22787,27206
000,State of Texas,2022,ALL,30667390,15233949,15433441,12278379,6091330,6187049,3704755,1795559,1909196,12310931,6177891,6133040,1673482,821752,851730,699843,347417,352426
000,State of Texas,2022,<18,7675490,3910201,3765289,2326803,1190922,1135881,914704,463994,450710,3797022,1930330,1866692,370427,189068,181359,266534,135887,130647
000,State of Texas,2022,18-24,3056244,1569004,1487240,1003768,521465,482303,384492,196660,187832,1413575,721212,692363,167960,85663,82297,86449,44004,42445
000,State of Texas,2022,25-44,8614563,4372697,4241866,3202256,1628048,1574208,1136035,564005,572030,3535432,1815063,1720369,555805,274461,281344,185035,91120,93915
000,State of Texas,2022,45-64,7081587,3478463,3603124,3186977,1584612,1602365,854244,399157,455087,2525357,1247811,1277546,406125,194507,211618,108884,52376,56508
000,State of Texas,2022,65+,4239506,1903584,2335922,2558575,1166283,1392292,415280,171743,243537,1039545,463475,576070,173165,78053,95112,52941,24030,28911
000,State of Texas,2023,ALL,31172832,15486275,15686557,12346409,6126224,6220185,3779551,1832684,1946867,12568988,6305703,6263285,1752407,861231,891176,725477,360433,365044
000,State of Texas,2023,<18,7757746,3951662,3806084,2332313,1193391,1138922,927124,470477,456647,3839288,1951531,1887757,384469,196227,188242,274552,140036,134516
000,State of Texas,2023,18-24,3097846,1589200,1508646,1002451,520414,482037,387975,198031,189944,1441553,735116,706437,176105,89946,86159,89762,45693,44069
000,State of Texas,2023,25-44,8768505,4455342,4313163,3228246,1644084,1584162,1164499,580104,584395,3599218,1847109,1752109,582647,288260,294387,193895,95785,98110
000,State of Texas,2023,45-64,7138050,3506944,3631106,3149140,1566571,1582569,862148,402733,459415,2591663,1281171,1310492,423890,203088,220802,111209,53381,57828
000,State of Texas,2023,65+,4410685,1983127,2427558,2634259,1201764,1432495,437805,181339,256466,1097266,490776,606490,185296,83710,101586,56059,25538,30521
000,State of Texas,2024,ALL,31685234,15741636,15943598,12412906,6160254,6252652,3855122,1870113,1985009,12830248,6434980,6395268,1835119,902583,932536,751839,373706,378133
000,State of Texas,2024,<18,7843350,3994820,3848530,2338055,1195587,1142468,939258,476933,462325,3883787,1974158,1909629,399570,204023,195547,282680,144119,138561
000,State of Texas,2024,18-24,3137533,1608652,1528881,1000054,519514,480540,392316,199647,192669,1466573,747258,719315,185413,94752,90661,93177,47481,45696
000,State of Texas,2024,25-44,8927937,4539835,4388102,3253934,1659039,1594895,1191203,595297,595906,3670114,1882606,1787508,609500,302162,307338,203186,100731,102455
000,State of Texas,2024,45-64,7199873,3538708,3661165,3116661,1551801,1564860,871654,407192,464462,2654693,1312752,1341941,442805,212204,230601,114060,54759,59301
000,State of Texas,2024,65+,4576541,2059621,2516920,2704202,1234313,1469889,460691,191044,269647,1155081,518206,636875,197831,89442,108389,58736,26616,32120
000,State of Texas,2025,ALL,32204920,16000903,16204017,12478060,6193596,6284464,3931512,1907990,2023522,13094633,6565850,6528783,1921387,945714,975673,779328,387753,391575
000,State of Texas,2025,<18,7927718,4037219,3890499,2342894,1197596,1145298,951012,482660,468352,3927101,1996272,1930829,415765,212393,203372,290946,148298,142648
000,State of Texas,2025,18-24,3171206,1625058,1546148,997247,517851,479396,395721,201471,194250,1488299,757621,730678,193013,98624,94389,96926,49491,47435
000,State of Texas,2025,25-44,9072580,4616492,4456088,3269775,1669418,1600357,1216153,609602,606551,3735924,1914857,1821067,638332,316953,321379,212396,105662,106734
000,State of Texas,2025,45-64,7278352,3578970,3699382,3090746,1540317,1550429,884083,412871,471212,2723447,1347583,1375864,462914,222038,240876,117162,56161,61001
000,State of Texas,2025,65+,4755064,2143164,2611900,2777398,1268414,1508984,484543,201386,283157,1219862,549517,670345,211363,95706,115657,61898,28141,33757
000,State of Texas,2026,ALL,32730748,16262921,16467827,12541296,6225901,6315395,4008568,1946282,2062286,13361810,6697918,6663892,2011587,990844,1020743,807487,401976,405511
000,State of Texas,2026,<18,8014274,4080709,3933565,2347858,1199726,1148132,963160,488843,474317,3972214,2019136,1953078,432084,220679,211405,298958,152325,146633
000,State of Texas,2026,18-24,3203559,1641102,1562457,994716,516357,478359,400035,203332,196703,1507948,767657,740291,199519,101985,97534,101341,51771,49570
000,State of Texas,2026,25-44,9222020,4696134,4525886,3282631,1678249,1604382,1240979,624024,616955,3805529,1949074,1856455,670946,334092,336854,221935,110695,111240
000,State of Texas,2026,45-64,7362995,3622753,3740242,3070897,1532195,1538702,896428,418915,477513,2791647,1382051,1409596,483725,231795,251930,120298,57797,62501
000,State of Texas,2026,65+,4927900,2222223,2705677,2845194,1299374,1545820,507966,211168,296798,1284472,580000,704472,225313,102293,123020,64955,29388,35567
000,State of Texas,2027,ALL,33263027,16528528,16734499,12602511,6257232,6345279,4086385,1984995,2101390,13631520,6831394,6800126,2105829,1037990,1067839,836782,416917,419865
000,State of Texas,2027,<18,8113868,4131429,3982439,2354642,1202996,1151646,976761,495915,480846,4024036,2045529,1978507,451039,230362,220677,307390,156627,150763
000,State of Texas,2027,18-24,3234664,1655764,1578900,993253,515284,477969,403795,204854,198941,1525197,775956,749241,206422,105508,100914,105997,54162,51835
000,State of Texas,2027,25-44,9366384,4772996,4593388,3291648,1685547,1606101,1266494,638476,628018,3874545,1982748,1891797,702267,350392,351875,231430,115833,115597
000,State of Texas,2027,45-64,7454440,3670036,3784404,3056020,1526146,1529874,908916,425272,483644,2858566,1416285,1442281,507070,242761,264309,123868,59572,64296
000,State of Texas,2027,65+,5093671,2298303,2795368,2906948,1327259,1579689,530419,220478,309941,1349176,610876,738300,239031,108967,130064,68097,30723,37374
000,State of Texas,2028,ALL,33801104,16796630,17004474,12661794,6287629,6374165,4164659,2023854,2140805,13903534,6965767,6937767,2204361,1087292,1117069,866756,432088,434668
000,State of Texas,2028,<18,8219879,4185692,4034187,2362341,1206333,1156008,991907,503906,488001,4078540,2073886,2004654,471061,240536,230525,316030,161031,154999
000,State of Texas,2028,18-24,3260510,1668691,1591819,989968,513856,476112,407001,206166,200835,1540851,783442,757409,212243,108677,103566,110447,56550,53897
000,State of Texas,2028,25-44,9508913,4846504,4662409,3298225,1691087,1607138,1290362,651896,638466,3943463,2015337,1928126,735382,367191,368191,241481,120993,120488
000,State of Texas,2028,45-64,7551435,3721512,3829923,3046917,1523441,1523476,922772,432403,490369,2923696,1450144,1473552,530472,254081,276391,127578,61443,66135
000,State of Texas,2028,65+,5260367,2374231,2886136,2964343,1352912,1611431,552617,229483,323134,1416984,642958,774026,255203,116807,138396,71220,32071,39149
000,State of Texas,2029,ALL,34345157,17067989,17277168,12719053,6317057,6401996,4243566,2063086,2180480,14177454,7101031,7076423,2307326,1138880,1168446,897758,447935,449823
000,State of Texas,2029,<18,8336277,4245009,4091268,2368275,1209368,1158907,1007417,511819,495598,4143353,2106853,2036500,490782,250615,240167,326450,166354,160096
000,State of Texas,2029,18-24,3275700,1676293,1599407,988192,512565,475627,409636,207569,202067,1545581,785735,759846,219114,112504,106610,113177,57920,55257
000,State of Texas,2029,25-44,9667429,4928307,4739122,3307745,1698222,1609523,1315919,666022,649897,4020434,2052316,1968118,770814,384980,385834,252517,126767,125750
000,State of Texas,2029,45-64,7645224,3771104,3874120,3039904,1521486,1518418,936191,439424,496767,2983083,1480956,1502127,554625,265781,288844,131421,63457,67964
000,State of Texas,2029,65+,5420527,2447276,2973251,3014937,1375416,1639521,574403,238252,336151,1485003,675171,809832,271991,125000,146991,74193,33437,40756
000,State of Texas,2030,ALL,34894452,17341921,17552531,12774056,6345427,6428629,4322983,2102630,2220353,14452949,7236976,7215973,2414778,1192698,1222080,929686,464190,465496
000,State of Texas,2030,<18,8451682,4303775,4147907,2373007,1211777,1161230,1022213,519344,502869,4207761,2139625,2068136,511666,261267,250399,337035,171762,165273
000,State of Texas,2030,18-24,3292892,1684654,1608238,988162,512210,475952,412916,209416,203500,1549079,787178,761901,226947,116507,110440,115788,59343,56445
000,State of Texas,2030,25-44,9821773,5006977,4814796,3310664,1701846,1608818,1340495,679205,661290,4098267,2089771,2008496,808012,403130,404882,264335,133025,131310
000,State of Texas,2030,45-64,7751616,3828562,3923054,3045449,1525796,1519653,950401,447353,503048,3040915,1511327,1529588,579334,278619,300715,135517,65467,70050
000,State of Texas,2030,65+,5576489,2517953,3058536,3056774,1393798,1662976,596958,247312,349646,1556927,709075,847852,288819,133175,155644,77011,34593,42418
000,State of Texas,2031,ALL,35449059,17618615,17830444,12826560,6372730,6453830,4402798,2142370,2260428,14730001,7373660,7356341,2526812,1248876,1277936,962888,480979,481909
000,State of Texas,2031,<18,8566442,4362263,4204179,2376694,1213711,1162983,1036425,526575,509850,4271697,2172174,2099523,533759,272531,261228,347867,177272,170595
000,State of Texas,2031,18-24,3313437,1694757,1618680,989241,511952,477289,416222,211418,204804,1554132,789733,764399,235413,121021,114392,118429,60633,57796
000,State of Texas,2031,25-44,9976820,5086199,4890621,3313019,1706144,1606875,1364502,692066,672436,4176507,2126584,2049923,846086,421843,424243,276706,139562,137144
000,State of Texas,2031,45-64,7881894,3896764,3985130,3065750,1536799,1528951,968703,456941,511762,3101638,1543248,1558390,605458,291832,313626,140345,67944,72401
000,State of Texas,2031,65+,5710466,2578632,3131834,3081856,1404124,1677732,616946,255370,361576,1626027,741921,884106,306096,141649,164447,79541,35568,43973
000,State of Texas,2032,ALL,36008470,17897968,18110502,12876949,6399018,6477931,4483073,2182398,2300675,15007697,7510605,7497092,2643808,1307572,1336236,996943,498375,498568
000,State of Texas,2032,<18,8680108,4420168,4259940,2379342,1215062,1164280,1050025,533493,516532,4334706,2204212,2130494,557092,284441,272651,358943,182960,175983
000,State of Texas,2032,18-24,3332871,1704132,1628739,990295,512021,478274,419447,212805,206642,1557302,791433,765869,244791,126017,118774,121036,61856,59180
000,State of Texas,2032,25-44,10141906,5170250,4971656,3317865,1711180,1606685,1389340,705931,683409,4259160,2165145,2094015,886117,441327,444790,289424,146667,142757
000,State of Texas,2032,45-64,8017743,3968215,4049528,3087389,1548042,1539347,989331,467605,521726,3162997,1576454,1586543,632319,305711,326608,145707,70403,75304
000,State of Texas,2032,65+,5835842,2635203,3200639,3102058,1412713,1689345,634930,262564,372366,1693532,773361,920171,323489,150076,173413,81833,36489,45344
000,State of Texas,2033,ALL,36572564,18179740,18392824,12924835,6424238,6500597,4563526,2222455,2341071,15286323,7647981,7638342,2765883,1368860,1397023,1031997,516206,515791
000,State of Texas,2033,<18,8793049,4477709,4315340,2381039,1215957,1165082,1063208,540204,523004,4396970,2235925,2161045,581755,297023,284732,370077,188600,181477
000,State of Texas,2033,18-24,3354073,1714464,1639609,992418,512712,479706,423522,214884,208638,1561737,793632,768105,253196,130304,122892,123200,62932,60268
000,State of Texas,2033,25-44,10310590,5255248,5055342,3323719,1716314,1607405,1412595,718742,693853,4342673,2204086,2138587,928496,462038,466458,303107,154068,149039
000,State of Texas,2033,45-64,8152942,4040561,4112381,3108418,1559134,1549284,1011806,479140,532666,3221735,1609029,1612706,659717,320073,339644,151266,73185,78081
000,State of Texas,2033,65+,5961910,2691758,3270152,3119241,1420121,1699120,652395,269485,382910,1763208,805309,957899,342719,159422,183297,84347,37421,46926
000,State of Texas,2034,ALL,37142038,18464458,18677580,12970508,6448464,6522044,4644454,2262896,2381558,15565745,7785626,7780119,2893106,1432789,1460317,1068225,534683,533542
000,State of Texas,2034,<18,8905300,4534887,4370413,2382013,1216468,1165545,1075994,546722,529272,4458138,2267037,2191101,607732,310292,297440,381423,194368,187055
000,State of Texas,2034,18-24,3390548,1733047,1657501,997451,515082,482369,429574,218135,211439,1573040,799407,773633,264809,136242,128567,125674,64181,61493
000,State of Texas,2034,25-44,10463686,5332052,5131634,3325692,1719130,1606562,1431428,728823,702605,4421384,2241325,2180059,968533,481624,486909,316649,161150,155499
000,State of Texas,2034,45-64,8290228,4113877,4176351,3126535,1569324,1557211,1038824,493321,545503,3279889,1640194,1639695,687609,334707,352902,157371,76331,81040
000,State of Texas,2034,65+,6092276,2750595,3341681,3138817,1428460,1710357,668634,275895,392739,1833294,837663,995631,364423,169924,194499,87108,38653,48455
000,State of Texas,2035,ALL,37716495,18751963,18964532,13013921,6471754,6542167,4725913,2303679,2422234,15845750,7923528,7922222,3025641,1499391,1526250,1105270,553611,551659
000,State of Texas,2035,<18,9016971,4591776,4425195,2382256,1216607,1165649,1088529,553100,535429,4518182,2297558,2220624,634997,324200,310797,393007,200311,192696
000,State of Texas,2035,18-24,3434763,1755963,1678800,1004463,518012,486451,437808,222692,215116,1587383,807402,779981,276818,142313,134505,128291,65544,62747
000,State of Texas,2035,25-44,10597915,5399632,5198283,3321281,1718781,1602500,1444200,735739,708461,4491434,2273971,2217463,1011133,503075,508058,329867,168066,161801
000,State of Texas,2035,45-64,8423715,4185921,4237794,3140288,1577770,1562518,1067897,508874,559023,3337039,1670769,1666270,714533,348736,365797,163958,79772,84186
000,State of Texas,2035,65+,6243131,2818671,3424460,3165633,1440584,1725049,687479,283274,404205,1911712,873828,1037884,388160,181067,207093,90147,39918,50229
000,State of Texas,2036,ALL,38296865,19042883,19253982,13055466,6494415,6561051,4807882,2344724,2463158,16126336,8061804,8064532,3163631,1568790,1594841,1143550,573150,570400
000,State of Texas,2036,<18,9128204,4648506,4479698,2382009,1216499,1165510,1100876,559392,541484,4577065,2327564,2249501,663476,338739,324737,404778,206312,198466
000,State of Texas,2036,18-24,3490247,1784352,1705895,1010279,521007,489272,446784,227268,219516,1613527,820748,792779,286750,147424,139326,132907,67905,65002
000,State of Texas,2036,25-44,10716105,5458937,5257168,3315953,1716723,1599230,1453474,741028,712446,4546645,2300337,2246308,1059041,526888,532153,340992,173961,167031
000,State of Texas,2036,45-64,8565507,4263344,4302163,3154649,1587253,1567396,1098670,525619,573051,3399834,1704229,1695605,741044,362629,378415,171310,83614,87696
000,State of Texas,2036,65+,6396802,2887744,3509058,3192576,1452933,1739643,708078,291417,416661,1989265,908926,1080339,413320,193110,220210,93563,41358,52205
000,State of Texas,2037,ALL,38883894,19337586,19546308,13095118,6516252,6578866,4890449,2386224,2504225,16408278,8200716,8207562,3307037,1640959,1666078,1183012,593435,589577
000,State of Texas,2037,<18,9239169,4705057,4534112,2381421,1216228,1165193,1113126,565633,547493,4634564,2356795,2277769,693294,353967,339327,416764,212434,204330
000,State of Texas,2037,18-24,3546049,1812950,1733099,1015601,523778,491823,455419,231681,223738,1640272,834383,805889,297115,152767,144348,137642,70341,67301
000,State of Texas,2037,25-44,10831510,5515333,5316177,3310421,1713817,1596604,1462633,745502,717131,4598625,2325163,2273462,1107156,550652,556504,352675,180199,172476
000,State of Texas,2037,45-64,8730077,4354124,4375953,3181298,1603434,1577864,1132864,544795,588069,3466546,1739921,1726625,770204,378295,391909,179165,87679,91486
000,State of Texas,2037,65+,6537089,2950122,3586967,3206377,1458995,1747382,726407,298613,427794,2068271,944454,1123817,439268,205278,233990,96766,42782,53984
000,State of Texas,2038,ALL,39477164,19635596,19841568,13132728,6537334,6595394,4973549,2427971,2545578,16691287,8340165,8351122,3456129,1716047,1740082,1223471,614079,609392
000,State of Texas,2038,<18,9349630,4761374,4588256,2380474,1215746,1164728,1125258,571817,553441,4690744,2385438,2305306,724238,369751,354487,428916,218622,210294
000,State of Texas,2038,18-24,3602069,1841628,1760441,1020337,526246,494091,463636,235878,227758,1667597,848342,819255,308088,158407,149681,142411,72755,69656
000,State of Texas,2038,25-44,10950248,5573568,5376680,3306166,1711599,1594567,1470907,749377,721530,4652148,2350906,2301242,1156568,575311,581257,364459,186375,178084
000,State of Texas,2038,45-64,8910360,4451978,4458382,3217918,1624306,1593612,1170147,565753,604394,3533569,1775267,1758302,800770,394329,406441,187956,92323,95633
000,State of Texas,2038,65+,6664857,3007048,3657809,3207833,1459437,1748396,743601,305146,438455,2147229,980212,1167017,466465,218249,248216,99729,44004,55725
000,State of Texas,2039,ALL,40078056,19937788,20140268,13168859,6557874,6610985,5057471,2470280,2587191,16975514,8479991,8495523,3611079,1794209,1816870,1265133,635434,629699
000,State of Texas,2039,<18,9460167,4817650,4642517,2379471,1215235,1164236,1137416,578005,559411,4745553,2413266,2332287,756308,386149,370159,441419,224995,216424
000,State of Texas,2039,18-24,3658503,1870508,1787995,1024430,528367,496063,471531,239921,231610,1695623,862599,833024,319717,164399,155318,147202,75222,71980
000,State of Texas,2039,25-44,11074771,5635135,5439636,3303172,1710276,1592896,1481869,754580,727289,4708274,2378051,2330223,1205093,599620,605473,376363,192608,183755
000,State of Texas,2039,45-64,9101861,4555619,4546242,3258785,1647485,1611300,1207567,586631,620936,3601717,1811212,1790505,836118,412750,423368,197674,97541,100133
000,State of Texas,2039,65+,6782754,3058876,3723878,3203001,1456511,1746490,759088,311143,447945,2224347,1014863,1209484,493843,231291,262552,102475,45068,57407
000,State of Texas,2040,ALL,40686496,20244206,20442290,13203514,6577940,6625574,5141963,2512916,2629047,17260820,8620531,8640289,3772186,1875383,1896803,1308013,657436,650577
000,State of Texas,2040,<18,9570657,4873952,4696705,2378554,1214792,1163762,1149606,584210,565396,4799014,2440492,2358522,789456,403047,386409,454027,231411,222616
000,State of Texas,2040,18-24,3715591,1899754,1815837,1027843,530136,497707,479104,243806,235298,1724287,877241,847046,332220,170827,161393,152137,77744,74393
000,State of Texas,2040,25-44,11208433,5701872,5506561,3302092,1709840,1592252,1495317,761290,734027,4766855,2406822,2360033,1255577,624942,630635,388592,198978,189614
000,State of Texas,2040,45-64,9282871,4652245,4630626,3293895,1667571,1626324,1243798,606565,637233,3664380,1843246,1821134,873353,432145,441208,207445,102718,104727
000,State of Texas,2040,65+,6908944,3116383,3792561,3201130,1455601,1745529,774138,317045,457093,2306284,1052730,1253554,521580,244422,277158,105812,46585,59227
000,State of Texas,2041,ALL,41303005,20555146,20747859,13237039,6597686,6639353,5227090,2555915,2671175,17547269,8761608,8785661,3939506,1959904,1979602,1352101,680033,672068
000,State of Texas,2041,<18,9681522,4930469,4751053,2377763,1214399,1163364,1161957,590502,571455,4851211,2467019,2384192,823671,420556,403115,466920,237993,228927
000,State of Texas,2041,18-24,3773328,1929350,1843978,1030625,531612,499013,486443,247562,238881,1753598,892176,861422,345552,177718,167834,157110,80282,76828
000,State of Texas,2041,25-44,11349714,5772249,5577465,3302656,1710181,1592475,1512229,769427,742802,4827061,2436661,2390400,1306630,650297,656333,401138,205683,195455
000,State of Texas,2041,45-64,9470397,4752472,4717925,3331334,1688636,1642698,1277729,625948,651781,3729656,1876429,1853227,913731,453379,460352,217947,108080,109867
000,State of Texas,2041,65+,7028044,3170606,3857438,3194661,1452858,1741803,788732,322476,466256,2385743,1089323,1296420,549922,257954,291968,108986,47995,60991
000,State of Texas,2042,ALL,41928733,20870946,21057787,13269834,6617192,6652642,5313003,2599341,2713662,17834947,8903374,8931573,4113391,2047657,2065734,1397558,703382,694176
000,State of Texas,2042,<18,9792859,4987206,4805653,2377274,1214130,1163144,1174450,596873,577577,4902165,2492966,2409199,858868,438525,420343,480102,244712,235390
000,State of Texas,2042,18-24,3831841,1959274,1872567,1032708,532692,500016,493561,251176,242385,1783371,907379,875992,359962,185116,174846,162239,82911,79328
000,State of Texas,2042,25-44,11496395,5846599,5649796,3304217,1710973,1593244,1529984,778493,751491,4889188,2467577,2421611,1358990,677124,681866,414016,212432,201584
000,State of Texas,2042,45-64,9661962,4853043,4808919,3366247,1708662,1657585,1311131,644277,666854,3797162,1910324,1886838,958472,475975,482497,228950,113805,115145
000,State of Texas,2042,65+,7145676,3224824,3920852,3189388,1450735,1738653,803877,328522,475355,2463061,1125128,1337933,577099,270917,306182,112251,49522,62729
000,State of Texas,2043,ALL,42564184,21192130,21372054,13301825,6636647,6665178,5399795,2643323,2756472,18124098,9045788,9078310,4294213,2139006,2155207,1444253,727366,716887
000,State of Texas,2043,<18,9905233,5044580,4860653,2377236,1214137,1163099,1187218,603388,583830,4952205,2518472,2433733,895047,456998,438049,493527,251585,241942
000,State of Texas,2043,18-24,3890927,1989503,1901424,1034174,533459,500715,500428,254681,245747,1813407,922692,890715,375476,193103,182373,167442,85568,81874
000,State of Texas,2043,25-44,11648924,5922531,5726393,3308501,1712501,1596000,1548415,787627,760788,4950866,2498149,2452717,1413855,704870,708985,427287,219384,207903
000,State of Texas,2043,45-64,9851642,4954050,4897592,3394639,1726388,1668251,1343987,662672,681315,3867807,1945380,1922427,1005013,499826,505187,240196,119784,120412
000,State of Texas,2043,65+,7267458,3281466,3985992,3187275,1450162,1737113,819747,334955,484792,2539813,1161095,1378718,604822,284209,320613,115801,51045,64756
000,State of Texas,2044,ALL,43209911,21518885,21691026,13333298,6656021,6677277,5487288,2687755,2799533,18414727,9189100,9225627,4482285,2233981,2248304,1492313,752028,740285
000,State of Texas,2044,<18,10018655,5102360,4916295,2377641,1214345,1163296,1200237,610017,590220,5001420,2543510,2457910,932199,475976,456223,507158,258512,248646
000,State of Texas,2044,18-24,3950656,2019992,1930664,1035084,533909,501175,507084,258080,249004,1843483,938021,905462,392228,201693,190535,172777,88289,84488
000,State of Texas,2044,25-44,11805470,6000883,5804587,3312271,1714089,1598182,1567843,797217,770626,5011510,2528366,2483144,1472927,734777,738150,440919,226434,214485
000,State of Texas,2044,45-64,10046603,5056992,4989611,3422827,1743097,1679730,1375025,680222,694803,3945861,1984044,1961817,1050882,523487,527395,252008,126142,125866
000,State of Texas,2044,65+,7388527,3338658,4049869,3185475,1450581,1734894,837099,342219,494880,2612453,1195159,1417294,634049,298048,336001,119451,52651,66800
000,State of Texas,2045,ALL,43866965,21851552,22015413,13364537,6675467,6689070,5575549,2732539,2843010,18706844,9333002,9373842,4678041,2332948,2345093,1541994,777596,764398
000,State of Texas,2045,<18,10133513,5160943,4972570,2378622,1214860,1163762,1213489,616764,596725,5049974,2568223,2481751,970290,495440,474850,521138,265656,255482
000,State of Texas,2045,18-24,4010605,2050698,1959907,1035401,534106,501295,513516,261376,252140,1873243,953192,920051,410195,210934,199261,178250,91090,87160
000,State of Texas,2045,25-44,11953464,6074590,5878874,3315109,1714904,1600205,1585771,806231,779540,5067113,2555962,2511151,1530393,763756,766637,455078,233737,221341
000,State of Texas,2045,45-64,10231172,5154451,5076721,3441419,1755378,1686041,1404774,697078,707696,4019986,2020146,1999840,1101323,549398,551925,263670,132451,131219
000,State of Texas,2045,65+,7538211,3410870,4127341,3193986,1456219,1737767,857999,351090,506909,2696528,1235479,1461049,665840,313420,352420,123858,54662,69196
000,State of Texas,2046,ALL,44535432,22190233,22345199,13395867,6695058,6700809,5664673,2777818,2886855,19000182,9477559,9522623,4881630,2435914,2445716,1593080,803884,789196
000,State of Texas,2046,<18,10250367,5220482,5029885,2380196,1215663,1164533,1227102,623684,603418,5098392,2592851,2505541,1009315,515378,493937,535362,272906,262456
000,State of Texas,2046,18-24,4070671,2081378,1989293,1035224,534003,501221,519715,264552,255163,1902454,968063,934391,429420,220812,208608,183858,93948,89910
000,State of Texas,2046,25-44,12102232,6149006,5953226,3318986,1716305,1602681,1605716,816052,789664,5122393,2584089,2538304,1585400,791265,794135,469737,241295,228442
000,State of Texas,2046,45-64,10423827,5256794,5167033,3457011,1766139,1690872,1433892,713790,720102,4098073,2058224,2039849,1159072,579705,579367,275779,138936,136843
000,State of Texas,2046,65+,7688335,3482573,4205762,3204450,1462948,1741502,878248,359740,518508,2778870,1274332,1504538,698423,328754,369669,128344,56799,71545
000,State of Texas,2047,ALL,45216833,22536000,22680833,13427201,6714822,6712379,5754727,2823654,2931073,19295573,9623327,9672246,5093584,2543138,2550446,1645748,831059,814689
000,State of Texas,2047,<18,10369873,5281519,5088354,2382421,1216810,1165611,1241094,630826,610268,5147102,2617698,2529404,1049341,535831,513510,549915,280354,269561
000,State of Texas,2047,18-24,4130335,2111966,2018369,1034573,533694,500879,525649,267579,258070,1930654,982453,948201,449886,231359,218527,189573,96881,92692
000,State of Texas,2047,25-44,12269385,6232539,6036846,3326513,1719734,1606779,1627151,826769,800382,5183305,2614525,2568780,1647167,822223,824944,485249,249288,235961
000,State of Texas,2047,45-64,10608246,5354472,5253774,3468160,1774959,1693201,1463389,730270,733119,4175355,2095636,2079719,1213555,608101,605454,287787,145506,142281
000,State of Texas,2047,65+,7838994,3555504,4283490,3215534,1469625,1745909,897444,368210,529234,2859157,1313015,1546142,733635,345624,388011,133224,59030,74194
000,State of Texas,2048,ALL,45911304,22888455,23022849,13458955,6734950,6724005,5845821,2870158,2975663,19592630,9769819,9822811,5314206,2654728,2659478,1699692,858800,840892
000,State of Texas,2048,<18,10492313,5343926,5148387,2385287,1218272,1167015,1255525,638162,617363,5196248,2642714,2553534,1090417,556808,533609,564836,287970,276866
000,State of Texas,2048,18-24,4189386,2142194,2047192,1033515,533161,500354,531351,270508,260843,1957602,996198,961404,471495,242463,229032,195423,99864,95559
000,State of Texas,2048,25-44,12439345,6319254,6120091,3333409,1722986,1610423,1650142,838617,811525,5246157,2646744,2599413,1708821,853411,855410,500816,257496,243320
000,State of Texas,2048,45-64,10792601,5449154,5343447,3477048,1782125,1694923,1490794,745337,745457,4252611,2131967,2120644,1271733,637646,634087,300415,152079,148336
000,State of Texas,2048,65+,7997659,3633927,4363732,3229696,1478406,1751290,918009,377534,540475,2940012,1352196,1587816,771740,364400,407340,138202,61391,76811
000,State of Texas,2049,ALL,46619758,23248254,23371504,13491166,6755303,6735863,5937830,2917225,3020605,19891483,9917248,9974235,5543768,2770858,2772910,1755511,887620,867891
000,State of Texas,2049,<18,10618281,5408136,5210145,2388703,1220004,1168699,1270398,645743,624655,5246376,2668212,2578164,1132605,578360,554245,580199,295817,284382
000,State of Texas,2049,18-24,4247626,2172053,2075573,1032239,532525,499714,536754,273278,263476,1983079,1009188,973891,494208,254156,240052,201346,102906,98440
000,State of Texas,2049,25-44,12611562,6406886,6204676,3340285,1726176,1614109,1673087,850547,822540,5309594,2678922,2630672,1772147,885739,886408,516449,265502,250947
000,State of Texas,2049,45-64,10994755,5552792,5441963,3488649,1790713,1697936,1520049,761211,758838,4337936,2172641,2165295,1333832,668773,665059,314289,159454,154835
000,State of Texas,2049,65+,8147534,3708387,4439147,3241290,1485885,1755405,937542,386446,551096,3014498,1388285,1626213,810976,383830,427146,143228,63941,79287
000,State of Texas,2050,ALL,47342105,23615080,23727025,13523839,6776052,6747787,6030795,2964748,3066047,20191750,10065322,10126428,5782879,2891809,2891070,1812842,917149,895693
000,State of Texas,2050,<18,10747450,5473969,5273481,2392698,1222060,1170638,1285703,653523,632180,5297102,2694022,2603080,1176045,600550,575495,595902,303814,292088
000,State of Texas,2050,18-24,4305000,2201386,2103614,1030850,531813,499037,541929,275910,266019,2007000,1021388,985612,517878,266305,251573,207343,105970,101373
000,State of Texas,2050,25-44,12789607,6496859,6292748,3347976,1729822,1618154,1696253,862713,833540,5372408,2710541,2661867,1840838,920058,920780,532132,273725,258407
000,State of Texas,2050,45-64,11193374,5653597,5539777,3493575,1795766,1697809,1548204,776003,772201,4424459,2213994,2210465,1397956,700455,697501,329180,167379,161801
000,State of Texas,2050,65+,8306674,3789269,4517405,3258740,1496591,1762149,958706,396599,562107,3090781,1425377,1665404,850162,404441,445721,148285,66261,82024
